2.196078749999999857e+01 8.797875000000000556e-01
2.226846250000000182e+01 8.838749999999999662e-01
2.260932499999999834e+01 8.886125000000000274e-01
2.276512500000000117e+01 8.925749999999998963e-01
2.290046249999999972e+01 8.961750000000000549e-01
2.056517499999999998e+01 8.483374999999999666e-01
2.078313750000000226e+01 8.527874999999999206e-01
2.139327500000000271e+01 8.656749999999998613e-01
2.123519999999999541e+01 8.545625000000000027e-01
2.168879999999999697e+01 8.697499999999998010e-01
2.157692500000000280e+01 8.725000000000000533e-01
2.186321249999999949e+01 8.734750000000000014e-01
2.221431250000000190e+01 8.797500000000000320e-01
2.219827499999999887e+01 8.814125000000000432e-01
2.254796250000000413e+01 8.856249999999999956e-01
2.144409999999999883e+01 8.688000000000000167e-01
2.165197500000000019e+01 8.707749999999999657e-01
2.201521250000000052e+01 8.740249999999998298e-01
2.204667499999999691e+01 8.755999999999999339e-01
2.230581250000000182e+01 8.819500000000000117e-01
