1.080972645858234049e+00 1.127502078712054601e-02
1.086805114702608765e+00 7.659430461855502685e-03
7.462312388763956417e-01 8.288461482687853668e-03
8.335902571857468635e-01 9.221272959846699493e-03
9.033178744737371257e-01 1.123829947100540329e-02
1.393575489299019310e+00 2.661052129797535429e-02
1.527743525544700276e+00 2.756272108754864725e-02
1.005266241786223702e+00 1.742439023323342009e-02
1.428343178301349159e+00 3.415592691978946993e-02
1.109071138385630206e+00 2.078057987641345611e-02
1.246433726427121247e+00 1.699087990658517539e-02
1.306336743949947143e+00 1.447374778694172914e-02
1.026047666336096231e+00 1.274382203265565609e-02
1.224976178084700384e+00 1.344567193374881543e-02
1.040017252185630792e+00 1.409873664552961474e-02
1.377355966153992695e+00 1.977852370628305212e-02
1.487677143023647508e+00 1.814157862480550443e-02
1.164557898343294262e+00 1.288252207450077576e-02
1.241480740637969538e+00 1.785462125053342841e-02
1.103338929610366614e+00 1.422840468921235911e-02
